000000000000000000000000000000
000000000000000000000000000000
000000000000000000000000000000
000000000000000000000000000000
000000000000000000000000000000
000000000011111000000000000000
000000011101110000000000000000
000000010010000000000000000000
000000010010000000000000000000
000000001010100011100000000000
000000000010000000100000000000
000000000010000000100000000000
000000000010000001100000000000
000000000010000000100000000000
000000011101110000100000000000
000000010010000000100000000000
000000010100000000100000000000
000000011110000000100000000000
000000000000000000100000000000
000000000000000000100000000000
000000000000000000100000000000
000000001111111111100000000000
000000000000000000000000000000
000000000000000000000000000000
000000000000000000000000000000
000000000000000000000000000000
000000000000000000000000000000
000000000000000000000000000000
000000000000000000000000000000
000000000000000000000000000000
